0.14 51.1 2.859
0.41 227.5 0.667
0.22 46 4.552
0.182 31.8 2.692
0.5 135 1.211
0.154 30.9 1.378
0.313 45.4 2.696
0.36 43 3.216
0.212 22 3.348
0.42 20 2.351
0.396 90 1.623
0.25 90 5.124
0.203 52 2.855
0.124 32.7 17.949
0.36 222 2.069
0.27 28.1 8.085
0.25 46.4 1.552
0.26 48 5.175
0.45 105 2.831
0.2 42 3.165
0.22 84 1.838
0.285 44.5 4.864
0.274 20.2 2.407
0.14 32.6 4.861
0.2 45 6.91
0.24 45 8.951
0.1 42 0.444
0.168 33.4 4.841
0.17 39.6 4.74
0.201 29.5 5.431
0.34 27 3.479
0.44 67 2.957
0.25 70 1.722
0.21 117.6 2.314
0.35 56 0.962
0.45 60 2.546
0.321 72.8 3.277
0.27 35 6.275
0.35 36 7.432
0.58 28 0.707
0.7 90 0.362
0.7 70.3 0.512
0.17 50 3.322
0.367 90 2.757
0.3 72.1 1.69
0.69 33.4 4.092
0.6 365 0.503
0.53 128 2.006
0.745 30 0.981
0.67 70 1.622
0.372 41.4 1.923
0.17 41 9.737
0.407 52.2 1.276
0.25 32 1.934
0.3 212.5 0.278
0.33 450 0.236
0.07 84 31.027
0.7 90 0.344
0.778 137.9 0.113
0.75 129 0.366
0.346 182 2.833